0.378826379776001
0.37486958503723145
0.38176417350769043
0.33837389945983887
0.3722245693206787
0.3829529285430908
0.350024938583374
0.3489964008331299
0.3562889099121094
0.34005260467529297
0.3536190986633301
0.33065366744995117
0.36539125442504883
0.3818473815917969
0.3230020999908447
0.36469483375549316
0.3562331199645996
0.3652513027191162
0.3883335590362549
0.34612011909484863
0.3509948253631592
0.34835028648376465
0.36547017097473145
0.35045671463012695
0.3623833656311035
0.37392640113830566
0.3660848140716553
0.39750051498413086
0.3821125030517578
0.3716397285461426
