0.015212059020996094
0.02049565315246582
0.022420406341552734
0.019060134887695312
0.015577077865600586
0.0158231258392334
0.015938758850097656
0.015523433685302734
0.022765159606933594
0.0214078426361084
0.015155553817749023
0.015774965286254883
0.019907474517822266
0.01618051528930664
0.02070140838623047
0.016733884811401367
0.020388126373291016
0.017683982849121094
0.015453338623046875
0.021260499954223633
0.022132158279418945
0.019803285598754883
0.018775224685668945
0.016759157180786133
0.02138376235961914
0.01618194580078125
0.02239847183227539
0.022212505340576172
0.01755213737487793
0.020814895629882812
