0.01269221305847168
0.009887933731079102
0.011133193969726562
0.013207674026489258
0.014680147171020508
0.01508188247680664
0.012886762619018555
0.011616706848144531
0.00975799560546875
0.011783599853515625
0.01035928726196289
0.00953817367553711
0.011482000350952148
0.013359546661376953
0.010387659072875977
0.009857177734375
0.010149955749511719
0.010477304458618164
0.012067079544067383
0.009977102279663086
0.013144254684448242
0.010594367980957031
0.011198043823242188
0.010202884674072266
0.010193109512329102
0.010832548141479492
0.011269330978393555
0.012023448944091797
0.01022791862487793
0.010182857513427734
