0.010542869567871094
0.008389472961425781
0.00815272331237793
0.008133649826049805
0.013348102569580078
0.012671232223510742
0.010573387145996094
0.008159875869750977
0.011409282684326172
0.013594627380371094
0.008233308792114258
0.008445501327514648
0.00853109359741211
0.011335611343383789
0.008843183517456055
0.009889602661132812
0.009250402450561523
0.008852243423461914
0.009030342102050781
0.008640289306640625
0.008823156356811523
0.009578466415405273
0.009140253067016602
0.009215831756591797
0.010936737060546875
0.008440017700195312
0.009131431579589844
0.01338052749633789
0.011647224426269531
0.008212566375732422
