0.10370564460754395
0.11459851264953613
0.10470938682556152
0.12503528594970703
0.10474658012390137
0.10261654853820801
0.1059410572052002
0.10330510139465332
0.12694668769836426
0.11059689521789551
0.09045958518981934
0.09329724311828613
0.1077721118927002
0.11598062515258789
0.11652374267578125
0.11804723739624023
0.10613679885864258
0.10221600532531738
0.10667014122009277
0.11514520645141602
0.10699176788330078
0.10376572608947754
0.11018776893615723
0.09662723541259766
0.1183321475982666
0.10340690612792969
0.0925750732421875
0.13839411735534668
0.10327744483947754
0.1055898666381836
