0.1202545166015625
0.10088253021240234
0.10382604598999023
0.09999203681945801
0.13094282150268555
0.12062501907348633
0.12481164932250977
0.09950065612792969
0.11562085151672363
0.10787081718444824
0.09929919242858887
0.09744572639465332
0.11723637580871582
0.10427546501159668
0.1302812099456787
0.10359501838684082
0.10409402847290039
0.11938309669494629
0.09764695167541504
0.10801267623901367
0.11799502372741699
0.11156487464904785
0.10869026184082031
0.11143136024475098
0.11931610107421875
0.09604167938232422
0.10440278053283691
0.11617302894592285
0.1213386058807373
0.10923051834106445
