0.2327277660369873
0.2404177188873291
0.2376708984375
0.2389993667602539
0.2514331340789795
0.2502613067626953
0.2200157642364502
0.22448205947875977
0.24537158012390137
0.2133183479309082
0.24247288703918457
0.21799898147583008
0.24671626091003418
0.22010278701782227
0.27898144721984863
0.2193009853363037
0.2154550552368164
0.22252821922302246
0.2589855194091797
0.23796319961547852
0.22686553001403809
0.2413926124572754
0.2623159885406494
0.24277162551879883
0.2422330379486084
0.25427842140197754
0.26024365425109863
0.24228715896606445
0.21432042121887207
0.24197006225585938
