0.2727010250091553
0.27645111083984375
0.26118016242980957
0.2804381847381592
0.23461580276489258
0.26398301124572754
0.23349237442016602
0.2348620891571045
0.2531311511993408
0.24216103553771973
0.24276947975158691
0.2582430839538574
0.22461223602294922
0.2142796516418457
0.2627553939819336
0.22638392448425293
0.23685956001281738
0.23933672904968262
0.22849726676940918
0.2541060447692871
0.23226356506347656
0.25337958335876465
0.23955130577087402
0.21787428855895996
0.27864956855773926
0.25134801864624023
0.2269434928894043
0.24112319946289062
0.21828579902648926
0.2721104621887207
