0.07212996482849121
0.0624542236328125
0.0547177791595459
0.06984853744506836
0.06525754928588867
0.07635259628295898
0.06838464736938477
0.058138370513916016
0.06266665458679199
0.06408858299255371
0.0494840145111084
0.051038265228271484
0.05596494674682617
0.06429028511047363
0.04909634590148926
0.06206369400024414
0.0534062385559082
0.05766701698303223
0.06006813049316406
0.05978822708129883
0.053698062896728516
0.053803205490112305
0.06418061256408691
0.0639653205871582
0.054511070251464844
0.04976820945739746
0.05472230911254883
0.0623476505279541
0.05695056915283203
0.05646085739135742
