1.6553444862365723
1.6235299110412598
1.5506389141082764
1.6317782402038574
1.59547758102417
1.6209943294525146
1.609008550643921
1.6611008644104004
1.6700472831726074
1.602569341659546
1.4857478141784668
1.5846877098083496
1.6746025085449219
1.5983657836914062
1.7076685428619385
1.551220417022705
1.585407018661499
1.5873019695281982
1.5758471488952637
1.6660797595977783
1.589134931564331
1.6441452503204346
1.585287094116211
1.5870254039764404
1.6694350242614746
1.5781939029693604
1.65562105178833
1.6471643447875977
1.627983808517456
1.610497236251831
