1.7980506420135498
1.988755702972412
1.8643712997436523
1.863948106765747
1.8654348850250244
1.9943852424621582
1.9333205223083496
1.724424123764038
1.8821067810058594
1.704970359802246
1.8783442974090576
1.7124390602111816
1.7898013591766357
1.8777689933776855
1.8150548934936523
1.9553978443145752
1.9412450790405273
1.8155295848846436
1.7803778648376465
1.7541475296020508
2.0018012523651123
1.8869307041168213
2.02238392829895
2.0411651134490967
1.773594856262207
1.8457951545715332
1.8859190940856934
1.7868289947509766
1.7171499729156494
1.7477037906646729
