3.6370630264282227
3.651839256286621
3.738536834716797
3.84674334526062
3.9347784519195557
3.70276141166687
3.9791665077209473
3.469576835632324
4.651119947433472
3.4849681854248047
3.880235195159912
4.09539008140564
3.519986152648926
3.5924696922302246
3.7122535705566406
3.5393319129943848
3.532005548477173
3.7127299308776855
4.035566329956055
3.6051599979400635
3.7823309898376465
3.7108712196350098
3.6792073249816895
3.8724920749664307
3.5019664764404297
3.875216007232666
4.20294189453125
3.705517292022705
3.5988564491271973
3.855733871459961
