0.12692523002624512
0.12750577926635742
0.11943745613098145
0.12912631034851074
0.13060522079467773
0.15195202827453613
0.12828588485717773
0.1179969310760498
0.10882067680358887
0.11004877090454102
0.11508941650390625
0.11667275428771973
0.13255906105041504
0.11125516891479492
0.1089789867401123
0.10528421401977539
0.10540890693664551
0.10839986801147461
0.10863757133483887
0.12893295288085938
0.12224531173706055
0.11031103134155273
0.11694645881652832
0.11687111854553223
0.10705828666687012
0.14160561561584473
0.14114737510681152
0.10552215576171875
0.11276578903198242
0.12356138229370117
