10.305707454681396
10.549880743026733
10.696716547012329
10.217536449432373
10.330445289611816
10.662067413330078
9.324876308441162
10.32254695892334
9.895487070083618
10.888614177703857
9.88728380203247
9.690921545028687
10.025275707244873
9.890308380126953
9.954879522323608
12.094825029373169
9.484710931777954
9.762048482894897
10.63215970993042
10.609348773956299
9.988088369369507
10.357388496398926
10.329495906829834
9.994379997253418
10.239441156387329
11.30718183517456
10.327555656433105
10.011213302612305
9.838751792907715
10.009499549865723
