0.5222568511962891
0.5413458347320557
0.49790096282958984
0.519484281539917
0.5930395126342773
0.49741482734680176
0.5334248542785645
0.5571887493133545
0.6854887008666992
0.47841668128967285
0.5196356773376465
0.5316853523254395
0.5336973667144775
0.5218029022216797
0.5308737754821777
0.5169966220855713
0.5536990165710449
0.5480570793151855
0.5245816707611084
0.5235311985015869
0.487560510635376
0.6127197742462158
0.6505851745605469
0.6239359378814697
0.5579245090484619
0.5668747425079346
0.6080098152160645
0.5260553359985352
0.4805939197540283
0.4906153678894043
