2.9004929065704346
3.0244085788726807
3.016796827316284
3.100578784942627
3.1414313316345215
2.941229820251465
3.05193829536438
2.7841837406158447
2.9108376502990723
2.6689748764038086
3.1138978004455566
2.98347806930542
2.836958646774292
3.036714553833008
2.9560911655426025
2.887200355529785
3.061332941055298
2.826120376586914
2.830631732940674
2.9546051025390625
3.101524829864502
2.9778475761413574
3.2735636234283447
3.038484573364258
2.7370190620422363
3.2243428230285645
3.0628859996795654
2.887394666671753
3.0484678745269775
2.908205986022949
