22.747650623321533
23.96773672103882
23.011834144592285
24.128021478652954
24.31661319732666
24.667489290237427
22.60801863670349
22.722999095916748
22.612862825393677
21.754973888397217
24.469579458236694
22.787293195724487
22.6089026927948
23.525152683258057
23.182538509368896
22.313891410827637
24.791037559509277
22.327687740325928
24.858718633651733
24.489842653274536
23.984421253204346
23.995086193084717
25.277366876602173
23.733229398727417
23.547906398773193
25.33921504020691
23.560668468475342
23.157918214797974
22.892635107040405
22.849947929382324
