2.630103349685669
2.625607967376709
2.9073688983917236
2.8183648586273193
2.523772954940796
2.5589873790740967
2.324846029281616
2.5407979488372803
2.6877644062042236
2.7769181728363037
2.6053528785705566
2.640995502471924
2.6180756092071533
2.4951744079589844
2.9795784950256348
2.4862897396087646
3.135072708129883
2.435150146484375
2.580592393875122
2.4584293365478516
2.725191593170166
2.6394083499908447
2.757427453994751
2.6209206581115723
2.706188917160034
2.890231132507324
2.5613818168640137
2.543674945831299
2.6241648197174072
2.6094794273376465
