0.1508951187133789
0.16820216178894043
0.16268253326416016
0.13897180557250977
0.16409039497375488
0.2033536434173584
0.16270804405212402
0.1553652286529541
0.1432785987854004
0.12745189666748047
0.1473851203918457
0.15618467330932617
0.13326668739318848
0.16031718254089355
0.13307571411132812
0.13553881645202637
0.14531755447387695
0.13420915603637695
0.1732654571533203
0.16015315055847168
0.16097283363342285
0.16427946090698242
0.19609451293945312
0.13219833374023438
0.15251660346984863
0.15106201171875
0.1974925994873047
0.14270424842834473
0.15157413482666016
0.14702057838439941
