0.2405555248260498
0.19985651969909668
0.21691417694091797
0.19393706321716309
0.19775772094726562
0.19102239608764648
0.22000813484191895
0.22347187995910645
0.24086761474609375
0.19024085998535156
0.1935875415802002
0.20113635063171387
0.19227266311645508
0.18997979164123535
0.23282957077026367
0.19596552848815918
0.2417142391204834
0.21047735214233398
0.22102999687194824
0.21173787117004395
0.18537306785583496
0.23731327056884766
0.19936728477478027
0.2313368320465088
0.25608396530151367
0.23401784896850586
0.24560022354125977
0.19404006004333496
0.19024372100830078
0.18343734741210938
