5.858865976333618
6.0447516441345215
5.832336187362671
5.79024863243103
5.847295761108398
5.501216411590576
6.0650365352630615
5.718181610107422
6.079372882843018
5.7494354248046875
5.904794692993164
5.9778923988342285
5.708738327026367
5.869866609573364
5.805034637451172
6.090047597885132
5.912404537200928
6.083492279052734
5.858398914337158
6.2686097621917725
5.891154766082764
6.066166877746582
5.86000919342041
5.945702314376831
6.134634494781494
5.732543706893921
6.140975713729858
5.633976459503174
5.8501434326171875
5.924342632293701
