30.81253409385681
30.086451768875122
30.99168610572815
30.265984535217285
32.083897829055786
30.1077880859375
32.16223406791687
30.052477836608887
31.44683289527893
29.664284229278564
30.93528652191162
30.617273807525635
29.963515281677246
30.918015718460083
30.09916043281555
31.1820809841156
30.005789756774902
30.540652751922607
30.020442962646484
30.694236993789673
30.77522087097168
30.00853705406189
30.4712073802948
29.80014729499817
31.6186261177063
29.84411382675171
31.4496111869812
29.268669843673706
31.1520094871521
30.329923391342163
