5.368432998657227
5.317493200302124
5.549065589904785
5.253852367401123
5.301486492156982
5.38412618637085
5.386384010314941
5.21060848236084
5.471233367919922
5.202693223953247
5.22014045715332
5.2090067863464355
5.166944265365601
5.269003629684448
5.165746688842773
5.29019832611084
5.326975107192993
5.3994221687316895
5.446490287780762
5.124454736709595
5.287954330444336
5.056570768356323
5.28577184677124
5.389302968978882
5.202757120132446
5.241610050201416
5.5455098152160645
5.280960321426392
5.330295085906982
5.287624359130859
