0.8706378936767578
0.9575948715209961
0.8561334609985352
0.8781888484954834
0.8116998672485352
0.838071346282959
0.9290575981140137
0.8970472812652588
0.893439769744873
0.8537828922271729
0.85611891746521
0.8296647071838379
0.8491652011871338
0.798569917678833
0.8762943744659424
0.7928645610809326
0.880988597869873
0.8382103443145752
0.83896803855896
0.8551552295684814
0.9041366577148438
0.8473203182220459
0.8243651390075684
0.8348233699798584
0.8447005748748779
0.923065185546875
0.8952655792236328
0.8477087020874023
0.7951016426086426
0.8853182792663574
