47.1182074546814
49.443992614746094
46.396973609924316
45.56489610671997
49.13314723968506
48.54968762397766
49.43272805213928
47.70142960548401
49.509748697280884
48.65228891372681
48.96138596534729
48.55387091636658
47.69313669204712
48.43612051010132
47.66148900985718
49.83903646469116
46.5798237323761
50.373021364212036
47.346290826797485
49.98022651672363
47.63938570022583
48.72180700302124
48.37589883804321
48.521464586257935
49.17617845535278
44.71959948539734
48.853469371795654
48.34981989860535
49.548248529434204
47.68076968193054
