193.08714175224304
195.15256118774414
194.26921772956848
194.536137342453
192.67018628120422
193.0832281112671
193.3410506248474
192.93956685066223
192.0968461036682
195.64866280555725
192.93482542037964
192.55747985839844
193.0900740623474
192.8194556236267
192.67709159851074
190.03243851661682
193.43606114387512
191.9849452972412
191.36332988739014
191.45747327804565
194.48918557167053
194.9065330028534
192.32799434661865
193.73842239379883
192.51638531684875
196.0948028564453
191.1307966709137
193.59081745147705
192.1744418144226
189.2387363910675
