59.50864028930664
56.76745629310608
60.44325280189514
57.363219261169434
60.275721073150635
56.92963123321533
57.934828996658325
57.14368152618408
58.061707735061646
57.978764295578
57.95384168624878
58.92856812477112
56.714906454086304
59.443469285964966
57.04582715034485
57.8071072101593
57.460846185684204
57.559685707092285
58.821712255477905
55.69675588607788
59.86635136604309
56.03714895248413
59.73670935630798
57.12295603752136
60.112852334976196
57.17576336860657
53.962345361709595
57.49023509025574
56.49194073677063
58.33470845222473
