2.1948859691619873
2.246683359146118
2.2725043296813965
2.239959478378296
2.45546293258667
2.0907950401306152
2.1628265380859375
2.213874578475952
2.3410422801971436
2.24735426902771
2.3501176834106445
2.2307474613189697
2.203704833984375
2.2599921226501465
2.2218258380889893
2.33817982673645
2.1852355003356934
2.3814585208892822
2.208547830581665
2.192870855331421
2.2280044555664062
2.2286412715911865
2.1627330780029297
2.1794705390930176
2.032341480255127
2.2056636810302734
2.367492914199829
2.1107101440429688
2.178854465484619
2.2529263496398926
