2.972350597381592
2.8627662658691406
2.94705867767334
2.786299705505371
2.9881319999694824
2.714604616165161
2.9381401538848877
2.7886104583740234
2.9952609539031982
2.693387508392334
3.0483617782592773
2.7558987140655518
2.828477382659912
2.8027186393737793
2.7595126628875732
2.95422625541687
2.806035041809082
2.92541766166687
2.746206283569336
2.9763526916503906
2.811291217803955
2.841447591781616
2.9454267024993896
2.943916082382202
2.5770421028137207
2.820502996444702
3.0080726146698
2.759857177734375
2.9981391429901123
2.857224941253662
