0.6269881725311279
0.6239206790924072
0.6381068229675293
0.6247739791870117
0.6394073963165283
0.5860989093780518
0.6566429138183594
0.632054328918457
0.6252694129943848
0.6167552471160889
0.6621420383453369
0.5879878997802734
0.6827800273895264
0.6089890003204346
0.636998176574707
0.6840505599975586
0.6348025798797607
0.6560513973236084
0.5879662036895752
0.6823780536651611
0.6126713752746582
0.6256885528564453
0.6262011528015137
0.5957009792327881
0.6778240203857422
0.6182770729064941
0.6212215423583984
0.5917067527770996
0.6693906784057617
0.618659496307373
