1.0541810989379883
1.013925552368164
1.0773522853851318
1.0425050258636475
1.1015527248382568
1.0414214134216309
1.024599313735962
1.081348180770874
1.032808780670166
1.118603229522705
1.0451090335845947
1.1298918724060059
1.0158381462097168
1.0278148651123047
1.0770223140716553
1.000765085220337
1.0469350814819336
1.140381097793579
1.125593900680542
1.0319664478302002
1.0169198513031006
1.065321683883667
1.124131202697754
1.1187160015106201
0.9790174961090088
1.096980094909668
1.0496196746826172
1.041213035583496
1.0038723945617676
1.0033648014068604
