0.3206057548522949
0.3564021587371826
0.32816195487976074
0.357982873916626
0.31801676750183105
0.3612957000732422
0.38588452339172363
0.3468008041381836
0.3794708251953125
0.3622570037841797
0.34232139587402344
0.34119582176208496
0.31366491317749023
0.31877613067626953
0.34777283668518066
0.3676459789276123
0.3551828861236572
0.3820061683654785
0.3166499137878418
0.3624284267425537
0.37448906898498535
0.3484489917755127
0.3539597988128662
0.34608960151672363
0.3876528739929199
0.38284802436828613
0.3201143741607666
0.33473896980285645
0.331052303314209
0.3328206539154053
