0.06173872947692871
0.06673049926757812
0.06903767585754395
0.07471227645874023
0.05779910087585449
0.06304287910461426
0.09200191497802734
0.05784034729003906
0.06676316261291504
0.060799360275268555
0.05681157112121582
0.07363629341125488
0.05686831474304199
0.0649571418762207
0.07960200309753418
0.06486988067626953
0.07700634002685547
0.0771017074584961
0.0648801326751709
0.06925106048583984
0.07044577598571777
0.05986142158508301
0.06013894081115723
0.06981730461120605
0.06699013710021973
0.06510448455810547
0.06871891021728516
0.06388497352600098
0.056917428970336914
0.07454299926757812
