0.049407243728637695
0.04848527908325195
0.045395851135253906
0.06705427169799805
0.04942178726196289
0.04815196990966797
0.062404632568359375
0.07170271873474121
0.04713892936706543
0.04702162742614746
0.05659151077270508
0.06147956848144531
0.042746543884277344
0.05306863784790039
0.04888916015625
0.05176901817321777
0.04810976982116699
0.05221986770629883
0.056531429290771484
0.0481266975402832
0.05794668197631836
0.047153472900390625
0.048069000244140625
0.06990337371826172
0.05824851989746094
0.04410052299499512
0.06011247634887695
0.05032539367675781
0.053690433502197266
0.05912041664123535
