0.40442800521850586
0.3484199047088623
0.37854719161987305
0.39916491508483887
0.3817117214202881
0.33540797233581543
0.4215865135192871
0.3803672790527344
0.4113285541534424
0.4110565185546875
0.3711414337158203
0.4017453193664551
0.42288804054260254
0.4130377769470215
0.32354736328125
0.38459205627441406
0.40010905265808105
0.3904101848602295
0.3473343849182129
0.34517383575439453
0.36788439750671387
0.3741950988769531
0.43095946311950684
0.36211061477661133
0.39645910263061523
0.36693811416625977
0.3842048645019531
0.3731381893157959
0.39040184020996094
0.40349316596984863
