0.27220726013183594
0.2417736053466797
0.25951147079467773
0.24535632133483887
0.23901820182800293
0.2725389003753662
0.2719593048095703
0.28122448921203613
0.26912498474121094
0.23164939880371094
0.2544596195220947
0.25897645950317383
0.29999232292175293
0.230515718460083
0.27007508277893066
0.3004765510559082
0.2541019916534424
0.2380082607269287
0.24477839469909668
0.25773048400878906
0.2587723731994629
0.26273441314697266
0.24995779991149902
0.2616407871246338
0.27377772331237793
0.23011517524719238
0.2454514503479004
0.22548270225524902
0.2770388126373291
0.2623558044433594
