1.3468444347381592
1.3936595916748047
1.4062471389770508
1.3392999172210693
1.3942108154296875
1.4272701740264893
1.4586131572723389
1.3875105381011963
1.4255146980285645
1.4669122695922852
1.407792329788208
1.418896198272705
1.5196406841278076
1.4427862167358398
1.5242514610290527
1.4372446537017822
1.5014219284057617
1.4626529216766357
1.4317436218261719
1.4148638248443604
1.4697163105010986
1.4395365715026855
1.4053914546966553
1.4265103340148926
1.4192309379577637
1.5057611465454102
1.3987231254577637
1.3709793090820312
1.451634407043457
1.4291000366210938
