0.0417938232421875
0.04118227958679199
0.03366518020629883
0.0353238582611084
0.03715252876281738
0.034482479095458984
0.04030179977416992
0.0413510799407959
0.03276252746582031
0.03957319259643555
0.03502941131591797
0.03478527069091797
0.031838417053222656
0.03327298164367676
0.0398707389831543
0.037729740142822266
0.04601240158081055
0.03183174133300781
0.04302525520324707
0.03772711753845215
0.03963613510131836
0.0471653938293457
0.04643988609313965
0.04109644889831543
0.0423579216003418
0.035954952239990234
0.03175163269042969
0.034432172775268555
0.04717230796813965
0.03940534591674805
