0.024491548538208008
0.0340886116027832
0.03285861015319824
0.026055097579956055
0.034905195236206055
0.025663137435913086
0.033901214599609375
0.02701091766357422
0.02654886245727539
0.03546571731567383
0.03224468231201172
0.033150434494018555
0.0356898307800293
0.02930593490600586
0.040296077728271484
0.035353899002075195
0.03557133674621582
0.025231361389160156
0.02480602264404297
0.02768540382385254
0.03307056427001953
0.03769207000732422
0.027871370315551758
0.03172183036804199
0.03058481216430664
0.03414416313171387
0.025015592575073242
0.03466939926147461
0.03467583656311035
0.03281760215759277
