0.2312488555908203
0.21576547622680664
0.26032590866088867
0.2423551082611084
0.2107689380645752
0.25528502464294434
0.2500016689300537
0.2328643798828125
0.2381904125213623
0.24236822128295898
0.2622554302215576
0.22252273559570312
0.2327423095703125
0.24601459503173828
0.2205045223236084
0.26927900314331055
0.25827836990356445
0.2602205276489258
0.20787572860717773
0.25051188468933105
0.23038482666015625
0.23073458671569824
0.2174084186553955
0.22713589668273926
0.2501375675201416
0.21141576766967773
0.24644875526428223
0.2613232135772705
0.23500990867614746
0.2398693561553955
